 1160  70 65 61 72 61 6e 63 65 5f 69 64 00 00 00 00 00  pearance_id.....
 1176  00 00 00 00 32 27 00 00 04 00 00 00 17 00 73 65  ....2'........se
 1192  63 72 65 74 53 63 65 6e 65 52 65 70 6f 72 74 52  cretSceneReportR
 1208  65 73 75 6c 74 00 02 00 00 00 00 00 06 00 72 6f  esult.........ro
 1224  6f 6d 49 64 00 00 00 00 00 00 00 00 00 04 00 00  omId............
 1240  00 00 00 01 00 78 00 00 00 00 00 00 00 00 00 04  .....x..........
 1256  00 00 00 00 00 01 00 79 00 00 00 00 00 00 00 00  .......y........
 1272  00 01 00 00 00 00 00 0b 00 70 72 6f 62 65 53 74  .........probeSt
 1288  61 74 75 73 00 00 00 00 00 00 00 00 00 cb 28 00  atus..........(.
 1304  00 04 00 00 00 0f 00 78 6d 64 67 41 75 63 74 69  .......xmdgAucti
 1320  6f 6e 47 61 69 6e 00 0a 00 00 00 00 00 0a 00 61  onGain.........a
 1336  63 74 6f 72 5f 6e 61 6d 65 00 00 00 00 00 00 00  ctor_name.......
 1352  00 00 0b 00 00 00 00 00 08 00 69 74 65 6d 49 6e  ..........itemIn
 1368  66 6f 00 12 27 00 00 00 00 00 00 02 00 00 00 00  fo..'...........
 1384  00 06 00 73 74 61 74 75 73 00 00 00 00 00 00 00  ...status.......
 1400  00 00 07 00 00 00 00 00 08 00 61 63 74 6f 72 5f  ..........actor_
 1416  69 64 00 00 00 00 00 00 00 00 00 af 2a 00 00 03  id..........*...
 1432  00 00 00 13 00 63 6f 6d 6d 55 49 6e 74 55 43 68  .....commUIntUCh
 1448  61 72 55 53 68 6f 72 74 00 06 00 00 00 00 00 07  arUShort........
 1464  00 70 61 72 61 6d 5f 31 00 00 00 00 00 00 00 00  .param_1........
 1480  00 02 00 00 00 00 00 07 00 70 61 72 61 6d 5f 32  .........param_2
 1496  00 00 00 00 00 00 00 00 00 04 00 00 00 00 00 07  ................
 1512  00 70 61 72 61 6d 5f 33 00 00 00 00 00 00 00 00  .param_3........
 1528  00 07 2a 00 00 09 00 00 00 0c 00 66 6c 45 6e 74  ..*........flEnt
 1544  69 74 79 42 6f 73 73 00 02 00 00 00 00 00 0a 00  ityBoss.........
 1560  65 6e 74 69 74 79 74 79 70 65 00 00 00 00 00 00  entitytype......
 1576  00 00 00 01 00 00 00 00 00 08 00 73 63 65 6e 65  ...........scene
 1592  69 64 78 00 00 00 00 00 00 00 00 00 03 00 00 00  idx.............
 1608  00 00 01 00 78 00 00 00 00 00 00 00 00 00 03 00  ....x...........
 1624  00 00 00 00 01 00 79 00 00 00 00 00 00 00 00 00  ......y.........
 1640  02 00 01 00 00 00 0b 00 62 75 66 66 6c 69 73 74  ........bufflist
 1656  6c 65 6e 00 00 00 00 00 00 00 00 00 0c 00 00 00  len.............
 1672  00 00 08 00 62 75 66 66 4c 69 73 74 00 71 2a 00  ....buffList.q*.
 1688  00 00 00 00 00 06 00 00 00 00 00 08 00 69 6e 66  .............inf
 1704  6f 67 75 69 64 00 00 00 00 00 00 00 00 00 04 00  oguid...........
 1720  00 00 00 00 06 00 69 6e 66 6f 69 64 00 00 00 00  ......infoid....
 1736  00 00 00 00 00 06 00 00 00 00 00 09 00 65 78 70  .............exp
 1752  69 72 65 73 65 63 00 00 00 00 00 00 00 00 00 b0  iresec..........
 1768  2a 00 00 03 00 00 00 14 00 65 66 66 65 63 74 44  *........effectD
 1784  61 74 61 53 74 72 75 63 74 4c 54 59 57 00 02 00  ataStructLTYW...
 1800  00 00 00 00 0a 00 65 66 66 65 63 74 74 79 70 65  ......effecttype
 1816  00 00 00 00 00 00 00 00 00 02 00 01 00 00 00 03  ................
 1832  00 6c 65 6e 00 00 00 00 00 00 00 00 00 0c 05 00  .len............
 1848  00 00 00 06 00 6a 7a 4c 69 73 74 00 00 00 00 00  .....jzList.....
 1864  00 00 00 00 fc 29 00 00 02 00 00 00 24 00 63 61  .....)......$.ca
 1880  74 45 6e 74 72 75 73 74 53 74 61 74 65 28 e5 b7  tEntrustState(..
 1896  b2 e5 bc 83 e7 94 a8 2c e5 8f af e4 bf ae e6 94  .......,........
 1912  b9 29 00 0b 00 00 00 00 00 04 00 64 61 74 61 00  .).........data.
 1928  ff 29 00 00 00 00 00 00 02 00 00 00 00 00 05 00  .)..............
 1944  73 74 61 74 65 00 00 00 00 00 00 00 00 00 5b 29  state.........[)
 1960  00 00 03 00 00 00 08 00 66 72 65 65 47 69 66 74  ........freeGift
 1976  00 04 00 00 00 00 00 06 00 67 69 66 74 69 64 00  .........giftid.
 1992  00 00 00 00 00 00 00 00 02 00 00 00 00 00 08 00  ................
 2008  64 61 74 61 74 79 70 65 00 00 00 00 00 01 ff ff  datatype........
 2024  ff 00 00 00 00 00 00 00 00 02 00 00 00 00 00 0c  ................
 2040  00 5f 73 77 69 74 63 68 5f 66 6c 61 67 00 00 00  ._switch_flag...
 2056  00 00 64 00 00 00 00 00 00 00 09 00 00 00 ff ff  ..d.............
 2072  ff ff 4c 02 00 00 4d 02 00 00 4d 02 00 00 4d 02  ..L...M...M...M.
 2088  00 00 c3 02 00 00 4c 02 00 00 4c 02 00 00 5a 04  ......L...L...Z.
 2104  00 00 17 2a 00 00 09 00 00 00 07 00 66 6c 43 6c  ...*........flCl
 2120  6f 75 64 00 02 00 00 00 00 00 07 00 63 6c 6f 75  oud.........clou
 2136  64 69 64 00 00 00 00 00 00 00 00 00 02 00 00 00  did.............